$ANSIBLE_VAULT;1.1;AES256
36336262376565366339626531643732336330653534663038643266396333666338343331303432
3436396330346431303638393335366263623431393631630a666637316431323561346233653762
61363535393131393361303163323763636562343666643436356663343236623831346363626638
6665313563366330630a316464346161633261616530353038616236306165323930623833643136
63373832346334386338616265353563646536333739323462626239373930316563663331626434
35336630613033663938646263666537306232323965373534633131326563653363636634353437
39656466336436366139363631373632646362663565363562383432346138373337623837303535
30613337623039376564636638303464383863666137613130386338373232653133363866353738
33373766663035623166626534636663356130363733336463373662633838363332303063383536
36623336646538653365633132393630633732313932663833386464663261633339313236343733
31626363326635306137353334373531373536376633636566326661646535373263616164316130
36666561366333363166343733636130393431346239633836363165313537656632623261623161
34323965363864386431353339633461373563613538383033303333396262306334353938323065
35623338366365393331646364316434633964363034313733616664613039393735316531623139
35633231646335353666396663323865643838653534396564616632343330363636366665613761
36666161333664343133646232303635373134353639366465383738356434643735663862666365
62376435383030646565316636306238353532616566303539333064363561303132316332353238
63653037303061353337613161666463303730356366653637386131343036626362393066356263
37663063333934386432363065613061643930313934613530656365396664363762323534393733
65646564623066386435633335323030336439346532633862323339383537303131613434333665
64373366386639383665326431393637633635663664343563313165616564383631346532373034
36653061613639656637646536356537656261306539373836356537323637356162356566333534
38333766323430663062653663636638373966653463663966373439626635663264616338626436
34616630653635343936616531613530363161393766613262393737646264363535636234616464
62646130636565373934653936303530333234366131386366623939653836393366343464393333
66333663343637303763653032623934643031326334393062373365613335306636613539643337
31633864343838376231333437316532653261646233363565323437663062306435346135396638
65643766336235306238663235653561313234313339393463353532653537373263636565623864
61353632366133306565643036363639633039306362346562386138376431356566393838353634
33383733313866663663333333333332363233333165653866613433663263626362666238316435
66303765303339323634303165343266343465303034383334613662623331646166616465353366
39643837383733376532663439386139343463356239363361386666306139663237303264623566
39313839323664376136623865653062353138323461316234633931343634666662646162663433
39386665623933633665623231396133623534626662646361663532383835386235383537323133
64356335356333303436623831656138663464306136346234656135373565356430336263653935
31346138303833353064353664636563646465616632336662303635323030393936623061653534
36366234646337366234623437373234346333633238383466316233303939633333613462623762
61366465653663666538336432323962643763613963323932376239663733393134663038613966
39376466636564373934653938393763316536626639653735303136373532643566636462663234
33343333643561313364623231313036373265343031653631613238356435313366663431333162
30373335656531393336363938313230663934356337396138343233653331373530653263326563
64396637326164373264366133333236366534343639363839663066323031353436396436303734
36346535306134323166626364363961343761343463613135376430353063626462376432653734
65343936383439633536353237333338633830633164353935663530323731346232646133343131
61306239386331663966316264316135306465623837303565616565646537313962323535376162
31633137333061396436616237346264613662633734396233396665393139666631396535396632
61653832373231336266616237353137656663366434636565636236663930303735616538336662
66333630346161313065313932653962393437376135333239373963303366666239653437626162
37306535333264333137306537326237323163326332366133663963383838323035643737656461
32303636326633303239393966376135396665366532663433323831343663326334663764633633
36663961326632353666363238366437343237666138306333333035663233643632643133323131
36326565383334646365393535346334363565313663393231356365626161636333366334326539
34623061626566613862303834323764623765663939363361336238306161666139313961656630
36663433646366373365383434646563383635363631613031343539336664313732633536386364
35356465373866643634663961353161353464333536623338353162636436393032656165636465
39303737316162313061613837613231313034323230643531636564363662653439623235316239
38333730623066303538366136383134643032323061353432653765336239316463386565393238
38346466303862633731373935613636303631633236373961623864373437626235306366346237
63326330353233323438393139333832393333626538663936346362366638383937323362306236
39656337313865313466616437323336623330313031636566346337396566393366346230376430
63646166383037306466633562303464623231373834626536643665376334663937643638393365
65643164363132373865393735313839643637376263656634666266616537313066663233383766
64326565373532383235336333663531333533363162366463303935396464393262623932313336
39346164623932376663616536656331313632356365643665616365303365353365323339616561
34646235643630633630303834633932396564303439613532656633316437313435666531623763
62646535343233393434323737323039656534643132633332323765653833343938616136636466
61623238313861623135396338316633353165313039616335376531393761383136373637336466
30343138613235346537356466373066383930646434323066313832633666346565313535393738
37326232646638333737373165323630323034326532303232663363383330366665343935353861
34613933336463373635393836313538306330313261383965363333646136386630363133386163
38623739643663376536326163363633343835653734643162356132653962663161303639653035
66303338353731663364626438643135623839316333653832643535356364336664346132653734
65373436346538653666633135646161356432306233613935613462643362646163303561353831
63656430393265393566626132376639396263343834613531646538386332343033306635336664
62316335663130316662623561373863393563303534636532303062373830306661653630356566
34303236653863316665316564356434316635343662663331626134666466656639343937656235
65636233393562373136303230306665376235386261623537363861653834383964616362646231
62613764623963373436646330363061323239353330316664646536653032616336626430616139
63393730633930333032653331326132373734633330323533616135656131653537306163393434
33326435656363313966303735393039356637643939646236326161653037336438663035303232
39633134373033363432336537313437383431643631353662333430393837623733636233663361
30666436386664343631303835646234636561343332333534643633333239663236363464363632
37333534303033643438323739303035643934666666653661313837356332666161393361366564
35366439623239613464663564333763623938323537653334656134343437636337376561306434
36316637343466373834636430636632303063383932613032623736623361343432313637666630
65306536643531623163636435643137353231363462363330386566633565343532663732323761
66323237646436643736376232303535653235626338343163666365356238333962363230376262
30343166336231633733633064393238646635396436386662386463646337653233656239333036
39383539643730343731323362633961666437303665386534346638666138343365366637323063
64333338306662643830663331356431323862356363633862636537653336616461363234643333
38323139306238316165373433303664316264333431396566323433356661616434333461613530
63383233373830306431623139616536393234613863626262313336653061396430333733623832
63393763656238343133303366643866646364373066613839646434366638346337336636376463
39326432613231646464663439346539633861323032653537623736353030636334653762643561
37386663343561653431626561646136326135343833633936323264313331363262363361646638
31303161306637353865386266303733366264613737353334633031346330653633306138366361
30613361656663333166383832313033396237313862393461653639383938313636343765323133
39633834323837663239616430663839653761353535343130346365643139663965366634623334
39333035373361363230616566633532376339386261333261393061633131626437353332663332
37633761613737626531
